time;Azimut:;Inclinazione:;Rotolio:
0,038437;-30,869;-4,863;0,213
0,038802;-30,869;-4,863;0,213
0,121500;-33,143;-4,863;0,213
0,193885;-33,458;-3,045;-1,071
0,194278;-33,458;-3,045;-1,071
0,281905;-34,313;-3,045;-1,071
0,353817;-34,516;-5,990;-3,385
0,354192;-34,516;-5,990;-3,385
0,441282;-35,348;-5,990;-3,385
0,514219;-35,920;-3,088;-7,076
0,514634;-35,920;-3,088;-7,076
0,603086;-33,802;-3,088;-7,076
0,675895;-33,843;-4,075;-7,731
0,677309;-33,843;-4,075;-7,731
0,763482;-30,320;-4,075;-7,731
0,836167;-30,435;-3,892;-9,458
0,837498;-30,435;-3,892;-9,458
0,922721;-28,058;-3,892;-9,458
0,996085;-28,804;-19,668;-6,569
0,997528;-28,804;-19,668;-6,569
1,083243;-28,480;-19,668;-6,569
1,156007;-28,514;-25,551;-1,497
1,157478;-28,514;-25,551;-1,497
1,244221;-34,111;-25,551;-1,497
1,315661;-34,467;-30,389;1,069
1,316954;-34,467;-30,389;1,069
1,402792;-42,862;-30,389;1,069
1,477010;-41,137;-34,167;8,278
1,478520;-41,137;-34,167;8,278
1,563125;-56,655;-34,167;8,278
1,635626;-50,026;-39,755;21,216
1,636978;-50,026;-39,755;21,216
1,722700;-62,637;-39,755;21,216
1,795844;-55,770;-41,614;30,644
1,797356;-55,770;-41,614;30,644
1,883304;30,529;-41,614;30,644
1,954762;77,593;-41,078;36,005
1,955978;77,593;-41,078;36,005
2,043307;-92,976;-41,078;36,005
2,115495;-140,144;-30,864;36,873
2,116698;-140,144;-30,864;36,873
2,203391;-119,811;-30,864;36,873
2,275736;-111,695;-32,569;26,507
2,276803;-111,695;-32,569;26,507
2,363122;-141,541;-32,569;26,507
2,435971;-166,633;-20,180;32,491
2,437411;-166,633;-20,180;32,491
2,522728;-147,519;-20,180;32,491
2,595495;-163,534;-17,501;36,662
2,596454;-163,534;-17,501;36,662
2,682717;-126,308;-17,501;36,662
2,755510;-132,785;-13,601;33,054
2,756580;-132,785;-13,601;33,054
2,843318;-58,229;-13,601;33,054
2,915550;-87,918;-9,717;28,818
2,916837;-87,918;-9,717;28,818
3,004288;-48,591;-9,717;28,818
3,075843;-93,405;1,072;23,818
3,076951;-93,405;1,072;23,818
3,162827;-66,687;1,072;23,818
3,236091;-85,362;5,935;17,697
3,237697;-85,362;5,935;17,697
3,323001;-53,121;5,935;17,697
3,395652;-89,328;18,175;10,058
3,396889;-89,328;18,175;10,058
3,483643;-51,553;18,175;10,058
3,556156;-64,618;21,996;7,071
3,557657;-64,618;21,996;7,071
3,643413;-18,111;21,996;7,071
3,716332;-32,919;24,062;-1,785
3,717640;-32,919;24,062;-1,785
3,803551;-4,352;24,062;-1,785
3,875682;-9,861;24,535;-7,514
3,876702;-9,861;24,535;-7,514
3,966091;6,197;24,535;-7,514
4,036195;-5,011;20,834;-27,959
4,037844;-5,011;20,834;-27,959
4,122920;10,168;20,834;-27,959
4,195481;5,544;16,422;-39,198
4,196480;5,544;16,422;-39,198
4,282963;19,569;16,422;-39,198
4,355966;13,161;9,814;-55,561
4,357123;13,161;9,814;-55,561
4,443771;25,494;9,814;-55,561
4,516137;23,073;4,624;-59,167
4,517513;23,073;4,624;-59,167
4,603347;32,768;4,624;-59,167
4,675702;31,921;5,650;-62,463
4,676918;31,921;5,650;-62,463
4,763555;38,747;5,650;-62,463
4,835968;17,377;1,550;-98,517
4,837121;17,377;1,550;-98,517
4,923515;26,150;1,550;-98,517
4,995263;12,799;5,308;-114,598
4,996466;12,799;5,308;-114,598
5,083241;28,588;5,308;-114,598
5,155894;26,133;2,740;-115,767
5,157123;26,133;2,740;-115,767
5,241879;40,314;2,740;-115,767
5,313965;-0,591;0,460;-149,438
5,314334;-0,591;0,460;-149,438
5,401546;19,400;0,460;-149,438
5,475332;-58,577;13,511;158,588
5,475739;-58,577;13,511;158,588
5,561822;-53,888;13,511;158,588
5,633868;-66,708;20,182;112,086
5,634201;-66,708;20,182;112,086
5,721887;-67,938;20,182;112,086
5,793881;-67,703;22,093;142,515
5,794333;-67,703;22,093;142,515
5,881770;-43,180;22,093;142,515
5,953942;-57,940;37,387;54,023
5,954377;-57,940;37,387;54,023
6,040170;-60,311;37,387;54,023
6,114151;-46,922;25,438;27,326
6,114559;-46,922;25,438;27,326
6,202511;-44,948;25,438;27,326
6,274086;-40,138;14,416;13,117
6,274453;-40,138;14,416;13,117
6,361765;-33,840;14,416;13,117
6,434958;-18,368;-23,252;-45,337
6,435475;-18,368;-23,252;-45,337
6,522246;-15,084;-23,252;-45,337
6,594236;-18,901;-41,142;-50,977
6,594654;-18,901;-41,142;-50,977
6,682058;-4,423;-41,142;-50,977
6,754427;-2,180;-47,996;-17,174
6,754830;-2,180;-47,996;-17,174
6,842070;36,637;-47,996;-17,174
6,913808;38,821;-51,696;-15,173
6,914234;38,821;-51,696;-15,173
7,002159;77,048;-51,696;-15,173
7,073880;78,184;-46,487;-15,117
7,074266;78,184;-46,487;-15,117
7,161797;100,208;-46,487;-15,117
7,234105;105,619;-41,481;-9,735
7,234580;105,619;-41,481;-9,735
7,321580;119,091;-41,481;-9,735
7,393980;123,997;-42,849;2,283
7,394421;123,997;-42,849;2,283
7,482221;133,053;-42,849;2,283
7,556125;103,081;-67,782;-8,848
7,557275;103,081;-67,782;-8,848
7,642742;108,392;-67,782;-8,848
7,716075;129,571;-66,168;20,835
7,717391;129,571;-66,168;20,835
7,803349;143,722;-66,168;20,835
7,875764;151,728;-50,667;15,933
7,876995;151,728;-50,667;15,933
7,963247;164,164;-50,667;15,933
8,036546;166,575;-34,899;0,523
8,037855;166,575;-34,899;0,523
8,123557;169,987;-34,899;0,523
8,196102;172,797;-31,975;-20,278
8,197584;172,797;-31,975;-20,278
8,284016;169,528;-31,975;-20,278
8,355807;175,552;-25,095;-34,601
8,357051;175,552;-25,095;-34,601
8,443533;154,582;-25,095;-34,601
8,516200;167,936;-17,840;-47,239
8,517629;167,936;-17,840;-47,239
8,603283;110,791;-17,840;-47,239
8,676209;119,581;-15,067;-55,436
8,677584;119,581;-15,067;-55,436
8,763865;81,539;-15,067;-55,436
8,835746;82,878;-16,661;-48,344
8,836791;82,878;-16,661;-48,344
8,923006;78,052;-16,661;-48,344
8,996041;87,980;-8,345;-14,012
8,997063;87,980;-8,345;-14,012
9,083547;80,251;-8,345;-14,012
9,156012;82,706;-7,683;21,988
9,157415;82,706;-7,683;21,988
9,243624;67,000;-7,683;21,988
9,315812;74,244;-17,726;37,534
9,316945;74,244;-17,726;37,534
9,403254;34,193;-17,726;37,534
9,475884;32,985;-4,263;47,537
9,477044;32,985;-4,263;47,537
9,563405;5,239;-4,263;47,537
9,635609;11,495;-1,374;53,470
9,636675;11,495;-1,374;53,470
9,723979;-13,036;-1,374;53,470
9,796246;-0,507;6,616;62,004
9,797588;-0,507;6,616;62,004
9,883077;-25,107;6,616;62,004
9,955833;-61,421;23,640;55,902
9,957002;-61,421;23,640;55,902
10,043656;-54,519;23,640;55,902
10,116150;-65,833;28,625;32,993
10,117549;-65,833;28,625;32,993
10,203280;-53,031;28,625;32,993
10,275819;-45,209;10,298;-0,024
10,276890;-45,209;10,298;-0,024
10,363215;-31,154;10,298;-0,024
10,436239;-30,292;15,412;-10,223
10,437743;-30,292;15,412;-10,223
10,524126;-9,249;15,412;-10,223
10,595855;-5,561;-4,210;-37,151
10,597089;-5,561;-4,210;-37,151
10,683174;15,306;-4,210;-37,151
10,756242;14,474;-32,099;-59,161
10,757726;14,474;-32,099;-59,161
10,842341;26,797;-32,099;-59,161
10,916122;34,543;-37,256;-42,735
10,917711;34,543;-37,256;-42,735
11,003049;51,983;-37,256;-42,735
11,076059;82,649;-36,339;19,057
11,077010;82,649;-36,339;19,057
11,166202;115,074;-36,339;19,057
11,236204;123,938;-27,024;36,557
11,237810;123,938;-27,024;36,557
11,323394;151,523;-27,024;36,557
11,397339;146,707;-0,488;4,495
11,398802;146,707;-0,488;4,495
11,483775;179,999;-0,488;4,495
11,555536;-178,397;4,608;0,822
11,556530;-178,397;4,608;0,822
11,643470;-156,237;4,608;0,822
11,716007;-154,478;13,984;-4,578
11,717323;-154,478;13,984;-4,578
11,803283;-71,133;13,984;-4,578
11,876212;-73,384;12,420;-22,178
11,877686;-73,384;12,420;-22,178
11,964566;-10,169;12,420;-22,178
12,035899;-13,261;3,509;-32,537
12,037085;-13,261;3,509;-32,537
12,123496;5,918;3,509;-32,537
12,195867;5,369;-8,321;-35,264
12,197332;5,369;-8,321;-35,264
12,283967;13,759;-8,321;-35,264
12,356218;14,758;7,265;-14,029
12,357673;14,758;7,265;-14,029
12,442945;16,323;7,265;-14,029
12,515988;16,262;7,900;-16,056
12,516971;16,262;7,900;-16,056
12,603273;15,114;7,900;-16,056
12,675888;21,379;19,613;7,885
12,677372;21,379;19,613;7,885
12,764023;17,109;19,613;7,885
12,835532;21,240;34,428;6,647
12,836811;21,240;34,428;6,647
12,923698;1,353;34,428;6,647
12,996111;10,514;41,569;27,041
12,997308;10,514;41,569;27,041
13,083458;-7,451;41,569;27,041
13,155720;-13,616;57,144;13,628
13,156916;-13,616;57,144;13,628
13,243268;-21,151;57,144;13,628
13,315867;-31,594;62,138;61,735
13,317148;-31,594;62,138;61,735
13,403160;-49,088;62,138;61,735
13,476243;-80,124;69,334;94,178
13,477856;-80,124;69,334;94,178
13,563498;-93,663;69,334;94,178
13,636863;-74,651;61,908;86,675
13,638197;-74,651;61,908;86,675
13,723207;-84,374;61,908;86,675
13,795876;-111,833;73,241;99,940
13,797066;-111,833;73,241;99,940
13,883564;-113,417;73,241;99,940
13,955839;-131,153;62,761;124,324
13,956898;-131,153;62,761;124,324
14,043474;-132,721;62,761;124,324
14,115649;-124,863;66,051;115,414
14,116965;-124,863;66,051;115,414
14,203546;-126,993;66,051;115,414
14,275854;163,497;51,116;162,154
14,277025;163,497;51,116;162,154
14,363736;164,563;51,116;162,154
14,436167;133,706;38,604;167,515
14,437556;133,706;38,604;167,515
14,523141;146,872;38,604;167,515
14,596243;46,698;2,384;179,628
14,597661;46,698;2,384;179,628
14,683306;60,696;2,384;179,628
14,756388;3,157;-16,768;160,027
14,758647;3,157;-16,768;160,027
14,843946;0,342;-16,768;160,027
14,915957;42,290;-52,971;-163,127
14,917235;42,290;-52,971;-163,127
15,003692;50,045;-52,971;-163,127
15,076186;-76,973;-34,305;110,450
15,077370;-76,973;-34,305;110,450
15,163383;-93,759;-34,305;110,450
15,235804;-135,957;-41,984;27,273
15,236959;-135,957;-41,984;27,273
15,323356;-136,872;-41,984;27,273
15,396114;-137,549;-24,986;28,570
15,397772;-137,549;-24,986;28,570
15,483881;-142,411;-24,986;28,570
15,555710;-135,395;-35,065;57,661
15,557036;-135,395;-35,065;57,661
15,643356;-147,658;-35,065;57,661
15,716262;2,977;-69,305;84,801
15,717736;2,977;-69,305;84,801
15,803194;25,939;-69,305;84,801
15,875582;119,139;-38,711;104,716
15,876888;119,139;-38,711;104,716
15,963345;100,966;-38,711;104,716
16,036148;129,987;-0,688;157,875
16,037512;129,987;-0,688;157,875
16,123705;119,858;-0,688;157,875
16,195977;109,888;-20,467;169,563
16,197506;109,888;-20,467;169,563
16,282263;117,663;-20,467;169,563
16,356009;81,739;-32,960;98,036
16,357412;81,739;-32,960;98,036
16,442446;-33,568;-32,960;98,036
16,516024;-105,449;-24,052;24,137
16,517006;-105,449;-24,052;24,137
16,603406;-96,677;-24,052;24,137
16,676059;-105,369;-14,623;-0,542
16,677389;-105,369;-14,623;-0,542
16,763509;-95,662;-14,623;-0,542
16,835988;-98,284;-20,341;-13,970
16,837436;-98,284;-20,341;-13,970
16,923466;-74,452;-20,341;-13,970
16,995727;-46,798;-20,085;9,854
16,996848;-46,798;-20,085;9,854
17,083501;28,386;-20,085;9,854
17,155825;-69,467;-39,529;-63,342
17,157000;-69,467;-39,529;-63,342
17,243418;-54,128;-39,529;-63,342
17,316107;-57,507;-21,676;-54,501
17,317470;-57,507;-21,676;-54,501
17,402720;-43,283;-21,676;-54,501
17,475779;-35,525;-17,349;-46,699
17,476882;-35,525;-17,349;-46,699
17,563612;1,383;-17,349;-46,699
17,635901;19,221;-19,243;-39,619
17,637085;19,221;-19,243;-39,619
17,723167;48,109;-19,243;-39,619
17,796307;73,310;-24,348;-5,210
17,797677;73,310;-24,348;-5,210
17,883842;77,141;-24,348;-5,210
17,956086;87,228;-35,894;19,413
17,957568;87,228;-35,894;19,413
18,043643;86,230;-35,894;19,413
18,116488;103,303;-27,321;50,874
18,118098;103,303;-27,321;50,874
18,203649;101,599;-27,321;50,874
18,276054;100,123;-23,570;45,182
18,277315;100,123;-23,570;45,182
18,362922;100,985;-23,570;45,182
18,436161;101,224;-19,539;29,211
18,437682;101,224;-19,539;29,211
18,523157;105,518;-19,539;29,211
18,598690;97,736;-23,691;6,737
18,600190;97,736;-23,691;6,737
18,683102;94,739;-23,691;6,737
18,755802;-146,235;-6,083;-14,390
18,756948;-146,235;-6,083;-14,390
18,843918;-173,012;-6,083;-14,390
18,916095;-118,627;-9,211;-37,329
18,917129;-118,627;-9,211;-37,329
19,003759;-132,450;-9,211;-37,329
19,076051;-138,688;7,232;-50,177
19,077506;-138,688;7,232;-50,177
19,163534;-173,610;7,232;-50,177
19,235911;136,841;5,568;-31,784
19,237262;136,841;5,568;-31,784
19,323318;112,205;5,568;-31,784
19,395941;123,876;33,316;-13,458
19,397132;123,876;33,316;-13,458
19,483429;115,503;33,316;-13,458
19,556197;114,101;45,077;-4,452
19,557578;114,101;45,077;-4,452
19,643124;106,470;45,077;-4,452
19,715938;101,327;59,144;9,689
19,716955;101,327;59,144;9,689
19,803302;95,028;59,144;9,689
19,876812;92,600;43,327;-3,364
19,878447;92,600;43,327;-3,364
19,963844;75,766;43,327;-3,364
20,035923;52,334;16,591;-0,915
20,037133;52,334;16,591;-0,915
20,123039;46,838;16,591;-0,915
20,196304;36,631;-23,968;2,903
20,197729;36,631;-23,968;2,903
20,283494;43,231;-23,968;2,903
20,355896;32,025;-55,694;-7,592
20,357077;32,025;-55,694;-7,592
20,443193;35,632;-55,694;-7,592
20,516348;43,108;-83,783;3,455
20,517779;43,108;-83,783;3,455
20,603585;47,113;-83,783;3,455
20,675991;-149,991;-46,734;170,476
20,677108;-149,991;-46,734;170,476
20,763301;-151,183;-46,734;170,476
20,836335;119,304;-44,101;0,789
20,837935;119,304;-44,101;0,789
20,923395;139,143;-44,101;0,789
20,996214;145,999;-28,272;-1,711
20,997490;145,999;-28,272;-1,711
21,083797;145,295;-28,272;-1,711
21,156163;147,802;-19,173;1,155
21,157621;147,802;-19,173;1,155
21,242904;140,928;-19,173;1,155
21,315672;140,685;-19,443;2,031
21,316937;140,685;-19,443;2,031
21,403211;127,062;-19,443;2,031
21,475974;126,341;-20,954;-0,211
21,477054;126,341;-20,954;-0,211
21,561486;106,639;-20,954;-0,211
